-0.0110598579049 0.0669283643365 0.0777300000191
-0.0294707939029 0.0554569661617 0.0800839960575
-0.0492443293333 0.047251701355 0.0768949985504
-0.068037815392 0.0346199497581 0.0705989971757
-0.0823312699795 0.0211014766246 0.0629009902477
-0.0925022959709 0.00494550541043 0.0532169938087
-0.0970553532243 -0.0139660686255 0.0390819907188
-0.0324229635298 0.0346036814153 0.0861569941044
-0.0518563836813 0.0261530503631 0.0823180004954
-0.0680830702186 0.0135396793485 0.0764859989285
-0.0799667090178 -0.00216798856854 0.0705899968743
-0.0881118625402 -0.0211417861283 0.0578860044479
-0.0610855445266 -0.00554513372481 0.0841320008039
-0.0756745636463 -0.0253384672105 0.0748399943113
-0.0439523458481 0.00739492289722 0.0898239985108
-0.0568252205849 -0.0266840886325 0.0873129963875
-0.0121417315677 0.0312661416829 0.0899199992418
-0.0235841311514 0.0134343206882 0.0933239981532
-0.0406338907778 -0.013667665422 0.0938699990511
-0.0385118611157 -0.0368473343551 0.0938989967108
-0.0287311654538 -0.0559957846999 0.0913599953055
-0.0121714286506 -0.00462094321847 0.0982140004635
-0.022010114044 -0.0239928402007 0.0984020009637
-0.0115215964615 -0.043871730566 0.097676999867
-0.0223884172738 0.1229814291 -0.012703999877
-0.0436645522714 0.115541957319 -0.015329003334
-0.0626800656319 0.104245215654 -0.0208390057087
-0.0768900811672 0.0891385823488 -0.0304820090532
-0.0108710564673 0.123773381114 0.00724899768829
-0.0320453718305 0.118858285248 0.00648300349712
-0.0500716455281 0.111201032996 0.00390200316906
-0.0694378763437 0.0969938337803 -0.00124199688435
-0.0808965489268 0.0811963602901 -0.0103880017996
-0.0218467749655 0.11669100821 0.026159003377
-0.0421478077769 0.110734336078 0.0238319933414
-0.0626093521714 0.0990946516395 0.0208549946547
-0.0769466459751 0.084569260478 0.0142370015383
-0.0868383646011 0.0673335343599 0.00543799996376
-0.0109233818948 0.109208405018 0.0439720004797
-0.0315334275365 0.106037028134 0.0428330004215
-0.0532493814826 0.0962202623487 0.0406910032034
-0.0698614418507 0.083597689867 0.036258995533
-0.0840622633696 0.0676503181458 0.0263710021973
-0.0935700237751 0.0484566092491 0.0137590020895
-0.0182320438325 0.0962711721659 0.0597629994154
-0.0412632152438 0.0894850715995 0.0574820041656
-0.0598700232804 0.0780271142721 0.0541950017214
-0.0754801109433 0.0640928670764 0.0477499961853
-0.0898534730077 0.0480351820588 0.0348529964685
-0.0996553897858 0.0293152332306 0.021051004529
-0.0284893326461 0.0773504078388 0.0702759996057
-0.0476618260145 0.0677450746298 0.0691509991884
-0.0648904815316 0.0553459525108 0.0643039941788
-0.0803732872009 0.0434184782207 0.0552610009909
-0.093519821763 0.0290444120765 0.0431959927082
-0.10016733408 0.0128622762859 0.0327669978142
-0.10217268765 -0.00719552114606 0.0200019925833
-0.0241978988051 -0.119763381779 0.0113539993763
-0.0453071594238 -0.11212874949 0.0105800032616
-0.0647193565965 -0.100918985903 0.00931099057198
-0.0806002691388 -0.0847410932183 0.0081689953804
-0.0136443339288 -0.125215873122 -0.00731800496578
-0.0344573110342 -0.119621247053 -0.00752800703049
-0.0553615130484 -0.10974085331 -0.00911299884319
-0.0732753500342 -0.0952324345708 -0.0100210011005
-0.0232496708632 -0.123773381114 -0.0262169986963
-0.0448348112404 -0.116476044059 -0.0272950083017
-0.0643361136317 -0.104273505509 -0.0283330082893
-0.0805472433567 -0.0876946747303 -0.0291890054941
-0.0120964758098 -0.126239061356 -0.0449559986591
-0.0342006385326 -0.121536806226 -0.0461139976978
-0.0548870414495 -0.111916616559 -0.0467090010643
-0.0727287605405 -0.0975425466895 -0.047385007143
-0.0227836817503 -0.125277400017 -0.0648330152035
-0.0442337729037 -0.117883190513 -0.0659179985523
-0.0638559833169 -0.105404160917 -0.0655350089073
-0.0187362097204 -0.073508694768 0.0836699977517
-0.0499917455018 -0.053754966706 0.0852909982204
-0.0114424005151 -0.0895409286022 0.070284999907
-0.0405228734016 -0.0722931846976 0.0786579996347
-0.0679077059031 -0.0448588505387 0.076425999403
-0.0208158046007 -0.10072735697 0.0541979968548
-0.0367858111858 -0.088835939765 0.0644740015268
-0.0572707019746 -0.0785503685474 0.0648580044508
-0.0741422623396 -0.061022605747 0.0636139959097
-0.0830058455467 -0.0415241383016 0.0611519962549
-0.0435846447945 -0.10031299293 0.0456050038338
-0.0604463219643 -0.0896964967251 0.0464169979095
-0.0764636993408 -0.0767790675163 0.0451999902725
-0.0875440612435 -0.0553509071469 0.0456440001726
-0.0938005372882 -0.035037137568 0.0429929941893
-0.0110768266022 -0.11499466002 0.0325810015202
-0.0346991457045 -0.110877171159 0.0284079909325
-0.0538808256388 -0.102432191372 0.0282319933176
-0.0721347928047 -0.0894193053246 0.0277670025826
-0.0855627506971 -0.0730087757111 0.0252659916878
-0.0957684218884 -0.050803501159 0.0257840007544
-0.0997968018055 -0.0294552408159 0.0232940018177
-0.0936859920621 0.0515791997313 -0.00766399502754
-0.100218236446 0.0318664722145 -0.000805005431175
-0.103007778525 0.0115350335836 0.00644499063492
-0.104417040944 -0.0203802287579 0.00334599614143
-0.104577556252 -0.0430946201086 0.00586099922657
-0.0925751328468 -0.0664857178926 0.00718699395657
-0.0889434292912 0.0655820295215 -0.0234930068254
-0.0999170094728 0.0364923626184 -0.0220849961042
-0.105709634721 0.0154898837209 -0.0148089975119
-0.110544830561 -0.00689570233226 -0.0133710056543
-0.111583575606 -0.0347055085003 -0.0137550085783
-0.10577186197 -0.0577762797475 -0.0126180052757
-0.0872145518661 -0.0766730085015 -0.011135995388
-0.0864176377654 0.0731848403811 -0.0436699986458
-0.0952218323946 0.0507391542196 -0.0377639979124
-0.105503857136 0.0204530619085 -0.0360350012779
-0.112125918269 -0.00219910219312 -0.0346170067787
-0.112417243421 -0.0243965908885 -0.033048003912
-0.110450074077 -0.0475288890302 -0.0318080037832
-0.096708163619 -0.0695213228464 -0.030175998807
-0.0932631418109 0.0574891939759 -0.0583910048008
-0.102259650826 0.0355257503688 -0.0518469959497
-0.111937828362 0.00811617076397 -0.0540769994259
-0.112759485841 -0.0143599249423 -0.0527929961681
-0.112798377872 -0.0372892767191 -0.0511189997196
-0.10604480654 -0.0610120072961 -0.0491840094328
-0.0871261656284 -0.0791980773211 -0.0480889976025
-0.0997671112418 0.0414407029748 -0.0727880001068
-0.108695037663 0.0194510892034 -0.0729160010815
-0.113085463643 -0.00402131304145 -0.0723150074482
-0.113671652973 -0.027285836637 -0.0706280171871
-0.110808581114 -0.0510990768671 -0.0685240030289
-0.0968269556761 -0.071382433176 -0.0659610033035
-0.0806667432189 -0.0896568968892 -0.0662240087986
0.010705595836 0.0668951272964 0.0777390003204
0.028972286731 0.0553233288229 0.0802970007062
0.0486800633371 0.0470777563751 0.0771609991789
0.0675683021545 0.0345548950136 0.0710679963231
0.0819126665592 0.0209586434066 0.0634530037642
0.0920285284519 0.00572332367301 0.0536089986563
0.0970808044076 -0.0143097192049 0.0398589968681
0.03183465451 0.0345527753234 0.0864150002599
0.0513592846692 0.026104260236 0.0826969966292
0.0677061825991 0.0134710911661 0.0769689977169
0.0792157575488 -0.00175079703331 0.0712389945984
0.0880666077137 -0.0208872258663 0.0590260028839
0.060516320169 -0.00568725913763 0.0847639963031
0.0751428157091 -0.0254459418356 0.075907997787
0.0434411019087 0.00739421509206 0.0900409966707
0.0561683177948 -0.0268488433212 0.0879170000553
0.0105670047924 0.0310900695622 0.0898270010948
0.022738430649 0.0134753324091 0.0936229974031
0.040075276047 -0.0136238252744 0.0941619947553
0.0380515344441 -0.0366514660418 0.0941959992051
0.0279328394681 -0.0558550730348 0.0916529968381
0.0110655138269 -0.00454740412533 0.0979750007391
0.0210668314248 -0.0239405129105 0.0986129939556
0.0106066018343 -0.0438717342913 0.0978449955583
0.0231082476676 0.122711315751 -0.0127550065517
0.0441538654268 0.115075260401 -0.0149530023336
0.0629551336169 0.103612355888 -0.020207002759
0.0771736353636 0.0888394862413 -0.0298720002174
0.0110633932054 0.123711153865 0.00711099803448
0.032229218632 0.118719696999 0.00650499761105
0.0503969117999 0.110882826149 0.00458599627018
0.0696104168892 0.0967604964972 -0.000584006309509
0.0810853540897 0.0809000879526 -0.00940799713135
0.0220242515206 0.116626657546 0.0263379961252
0.0421067923307 0.110485434532 0.0241560041904
0.0628200694919 0.0984285548329 0.0212869942188
0.0770923122764 0.0841280296445 0.0149360001087
0.0869027152658 0.0669453367591 0.0061369985342
0.0109495446086 0.109138391912 0.0440329909325
0.0315503999591 0.105868734419 0.0429479926825
0.053208373487 0.0957521572709 0.0409860014915
0.0693028271198 0.0832667648792 0.0372010022402
0.0838529616594 0.0674127340317 0.0268779993057
0.0938224643469 0.048182964325 0.014595001936
0.0181174874306 0.0961354076862 0.0598060041666
0.0409994646907 0.0891265645623 0.057824999094
0.0595864728093 0.0778298303485 0.0546839982271
0.0751718133688 0.0640051811934 0.0483009964228
0.0898739770055 0.0478576943278 0.0356439948082
0.0994991138577 0.0294474586844 0.0221229940653
0.0285331699997 0.0767889693379 0.0703059956431
0.0472524091601 0.0674360617995 0.0694909989834
0.0643530786037 0.0552794858813 0.0648059993982
0.0797531604767 0.0431434139609 0.0560860037804
0.0933034420013 0.0289114750922 0.0438769906759
0.0999792441726 0.0130376368761 0.0336139947176
0.102624520659 -0.00701096281409 0.0206930041313
0.0238712131977 -0.119899138808 0.0116650015116
0.0447011701763 -0.112429261208 0.0107270032167
0.0643551945686 -0.101356685162 0.00988499820232
0.080856949091 -0.0849666595459 0.00877100229263
0.0133056305349 -0.125380635262 -0.00721099972725
0.0340775959194 -0.119794487953 -0.00707499682903
0.0552031211555 -0.109991163015 -0.00858099758625
0.0732555538416 -0.0955096185207 -0.00943700969219
0.0232977494597 -0.123784698546 -0.0261110067368
0.0448779463768 -0.116570085287 -0.0269629955292
0.0644506663084 -0.104366838932 -0.0278290063143
0.0807416960597 -0.0878325626254 -0.0284570008516
0.0122032538056 -0.126211494207 -0.044886007905
0.0342975072563 -0.121582761407 -0.0457829982042
0.0548184514046 -0.111918732524 -0.0463619977236
0.0729458406568 -0.0975630506873 -0.0467119961977
0.0230679437518 -0.125121831894 -0.0646409988403
0.0449401736259 -0.118008345366 -0.0653840005398
0.0646316856146 -0.105901256204 -0.0653530061245
0.0178395938128 -0.0736826434731 0.0836829990149
0.0491283647716 -0.0539041645825 0.085673995316
0.010652564466 -0.0895812362432 0.0703309997916
0.0395965650678 -0.0725816860795 0.0791950002313
0.0672826245427 -0.0450695715845 0.077195994556
0.0201744623482 -0.100808680058 0.0543520003557
0.0362434647977 -0.0888140201569 0.0648549944162
0.0571314021945 -0.0784167274833 0.0656389966607
0.0736373960972 -0.0609009861946 0.064298003912
0.0826749280095 -0.0416104048491 0.0621870011091
0.0425352975726 -0.100766949356 0.0460399985313
0.0599506348372 -0.0898527652025 0.0469519942999
0.0764141976833 -0.0768384635448 0.0461860001087
0.0874415338039 -0.0559073984623 0.0462400019169
0.0937849804759 -0.035278968513 0.0439929962158
0.0104425475001 -0.114684231579 0.0329660028219
0.0339262783527 -0.111244156957 0.0286989957094
0.0532932206988 -0.102727048099 0.0286220014095
0.0718045681715 -0.0897353887558 0.0283470004797
0.0860159993172 -0.0730886757374 0.0267089903355
0.0957832634449 -0.0510516911745 0.0267159938812
0.0997260957956 -0.0298285931349 0.0242609977722
0.093861348927 0.0512708947062 -0.00683000683784
0.10048057884 0.0318219289184 0.000140994787216
0.103153437376 0.0111150108278 0.00740699470043
0.104016110301 -0.020502563566 0.00426599383354
0.10432086885 -0.0431038103998 0.00673599541187
0.0931945443153 -0.0664051026106 0.00757099688053
0.0889391824603 0.06536141783 -0.0227130055428
0.0999276190996 0.0361649729311 -0.0211759954691
0.105890654027 0.0153512880206 -0.0139030069113
0.108984947205 -0.00742603465915 -0.0128969997168
0.111949145794 -0.0349692590535 -0.0127509981394
0.105618417263 -0.0579198263586 -0.0116980075836
0.08738001436 -0.0768130049109 -0.0103719979525
0.0865201726556 0.0727570429444 -0.0428930073977
0.0954212322831 0.0502668097615 -0.0370090007782
0.105996720493 0.0201341584325 -0.0351530015469
0.112367041409 -0.00228890776634 -0.0335460007191
0.112724840641 -0.0245443843305 -0.0320699959993
0.11060705781 -0.0476646572351 -0.0308710038662
0.0964684560895 -0.0695220306516 -0.0294170081615
0.0942445993423 0.0573803000152 -0.0575820058584
0.101524978876 0.0347090400755 -0.0511309951544
0.112323909998 0.00801151245832 -0.0530340075493
0.113116577268 -0.0144964009523 -0.0517719984055
0.113056473434 -0.0374271646142 -0.0501199960709
0.106114804745 -0.0610777586699 -0.048289000988
0.0873425379395 -0.0792730376124 -0.0474030077457
0.10072594136 0.0412865504622 -0.0718759894371
0.10922960937 0.0193323008716 -0.0719729959965
0.113460935652 -0.00439678877592 -0.0712389945984
0.114112891257 -0.0274258479476 -0.0696420073509
0.111149400473 -0.0512008927763 -0.0675309896469
0.0967916101217 -0.0720711499453 -0.0660899877548
0.0808378607035 -0.0897417515516 -0.065425992012
-0.000368403270841 0.049444437027 0.0847469940782
-0.000485075637698 0.0133968451992 0.094982996583
-0.000506995245814 -0.0245585255325 0.100173994899
-0.000388909131289 -0.0636664777994 0.0913660004735
0.000235468149185 0.12592227757 -0.0116720050573
0.000110309571028 0.119215369225 0.0265630036592
-0.000212837010622 0.0866580605507 0.0669619962573
-0.00031253695488 -0.121377706528 0.0153719931841
-1.13174319267e-05 -0.126178950071 -0.0263199955225
0.000211425125599 -0.127436906099 -0.0630660057068
-0.000255264341831 -0.106171377003 0.0490989983082
