-1.831744
nan
nan
0.707107
0.707107
0.499567
0.683564
-1.011534
-0.626188
-0.374675
0.080419
-0.083261
-0.522725
1.082394
0.080419
0.267261
-0.534522
-1.414214
-1.414214
0.499567
1.300544
-1.729014
-1.427442
-0.240842
0.144505
1.069045
1.870829
0.790980
0.985136
-1.248916
-1.396881
0.707107
0.707107
0.267261
0.267261
-1.336306
-0.534522
1.069045
0.267261
1.685891
0.144505
-1.336306
-1.336306
-0.957503
0.499567
0.683564
-1.540330
-1.729014
1.082394
1.373808
0.208153
-0.522725
1.286708
1.286708
0.683564
0.683564
-0.522725
