0.000000
0.000000
0.000000
0.000000
0.000000
0.197531
0.197531
0.000000
0.000000
0.277778
0.000000
0.000000
0.000000
0.165289
0.244898
0.444444
0.500000
0.000000
0.000000
0.444444
0.493827
0.000000
0.000000
0.320000
0.000000
0.000000
0.000000
0.320000
0.000000
0.000000
0.500000
0.000000
0.000000
0.000000
0.000000
0.000000
0.000000
0.000000
0.000000
0.480000
0.611111
0.000000
0.000000
0.000000
0.197531
0.444444
0.000000
0.000000
0.314050
0.291667
0.562500
0.480000
0.462810
0.297521
0.000000
0.370370
0.000000
