-1.729508
-0.479022
-1.224166
-0.171499
-0.171499
0.478375
0.525600
-1.046278
-0.615457
-0.625567
-0.095564
-0.073596
-0.716728
1.030345
-0.095564
1.011268
-0.479022
-0.171499
0.478375
1.969464
-0.171499
-1.648474
-0.184637
0.677003
1.011268
1.756413
0.478375
0.525600
-1.177537
-1.046278
-0.171499
-1.371989
1.011268
0.266123
-1.224166
-0.479022
1.011268
0.266123
1.030345
0.246183
-1.224166
-1.224166
-1.177537
0.478375
0.525600
-1.729508
-1.959056
1.030345
1.306331
0.202389
2.229482
1.146764
1.146764
0.836182
0.836182
-1.027310
