0.000000
0.000000
0.000000
0.000000
0.000000
0.197531
0.197531
0.000000
0.000000
0.320000
0.000000
0.000000
0.000000
0.000000
0.244898
0.625000
0.500000
0.000000
0.345679
0.580000
0.000000
0.000000
0.480000
0.244898
0.000000
0.000000
0.197531
0.000000
0.000000
0.444444
0.000000
0.000000
0.000000
0.000000
0.000000
0.000000
0.000000
0.000000
0.462810
0.666667
0.000000
0.000000
0.000000
0.000000
0.444444
0.000000
0.000000
0.165289
0.152778
0.406250
0.625000
0.561983
0.297521
0.180000
0.460000
0.375000
