Index	Name	Degree	Strength	Clustering	Clustering_Weighted	Efficiency	Efficiency_Weighted	Betweenness	Betweenness_Weighted
1	1	1	725	0.00000000000000	0.00000000000000	0.22954931972789	0.00038248927662	0.00000000000000	0.00000000000000
2	3	1	652	0.00000000000000	0.00000000000000	0.01785714285714	0.00002738825592	0.00000000000000	0.00000000000000
3	4	1	652	0.00000000000000	0.00000000000000	0.01785714285714	0.00002738825592	0.00000000000000	0.00000000000000
4	7	2	970	0.00000000000000	0.00000000000000	0.05952380952381	0.00012192040856	0.00389610389610	0.00389610389610
5	8	2	1001	0.00000000000000	0.00000000000000	0.05952380952381	0.00012018242889	0.00389610389610	0.00389610389610
6	9	9	6035	0.63888888888889	485.78189060468583	0.41160714285714	0.00070959260312	0.01842629800721	0.02678571428571
7	10	9	6001	0.63888888888889	485.59499728487765	0.40569727891156	0.00069689132502	0.02224586686702	0.04283008658009
8	11	3	1942	1.00000000000000	721.12274084035823	0.26675170068027	0.00046142880329	0.00000000000000	0.00000000000000
9	12	4	2595	0.66666666666667	501.91814459585612	0.30514455782313	0.00055401600319	0.00603049300528	0.00925324675325
10	13	6	3230	0.73333333333333	571.13320678928574	0.34379251700680	0.00065988204476	0.00429466552461	0.01461038961039
11	14	7	3789	0.57142857142857	426.82911793626192	0.34085884353741	0.00064442159470	0.01566793645480	0.02297077922078
12	17	7	4050	0.85714285714286	628.74934373814460	0.34974489795918	0.00064860437557	0.00070423623995	0.00178571428571
13	18	5	2951	1.00000000000000	736.33126074953941	0.31704931972789	0.00058061125842	0.00000000000000	0.00000000000000
14	19	11	6115	0.45454545454545	294.09828693325994	0.42351190476190	0.00078496039643	0.06909107840536	0.06931818181818
15	20	7	4037	0.57142857142857	409.56737209305328	0.36611394557823	0.00067814471796	0.03323275269704	0.03785173160173
16	21	3	1649	0.00000000000000	0.00000000000000	0.33244047619048	0.00061675558441	0.25115218115218	0.24829545454545
17	22	2	1142	0.00000000000000	0.00000000000000	0.30297619047619	0.00056939056096	0.04339402427638	0.02404761904762
18	23	1	481	0.00000000000000	0.00000000000000	0.04077380952381	0.00008400558005	0.00000000000000	0.00000000000000
19	24	1	470	0.00000000000000	0.00000000000000	0.04077380952381	0.00008439166514	0.00000000000000	0.00000000000000
20	25	9	5145	0.47222222222222	313.67217274936223	0.39825680272109	0.00074628405701	0.02832139119377	0.03874458874459
21	26	9	5388	0.33333333333333	232.82334998223132	0.40718537414966	0.00074906020060	0.06186762743449	0.07765151515152
22	27	1	512	0.00000000000000	0.00000000000000	0.24204931972789	0.00046279649459	0.00000000000000	0.00000000000000
23	28	2	1000	1.00000000000000	515.00000000000000	0.26221655328798	0.00051047584721	0.00000000000000	0.00000000000000
24	29	5	3066	0.50000000000000	363.56224508026850	0.32653061224490	0.00061704459173	0.02032043911723	0.00995670995671
25	30	6	4068	0.53333333333333	330.94549339476396	0.35272108843537	0.00060254655237	0.02058764771714	0.01277056277056
26	33	4	2380	0.16666666666667	86.36400775764541	0.26237244897959	0.00047151628896	0.10151515151515	0.07711038961039
27	34	5	3063	0.30000000000000	154.41540693556581	0.24364370748299	0.00043413539868	0.05183982683983	0.03863636363636
28	35	10	6804	0.60000000000000	434.59184592801455	0.41755952380952	0.00071060444065	0.04594531685390	0.03172077922078
29	36	10	6750	0.60000000000000	434.43554500466269	0.40569727891156	0.00068855471881	0.02535143673079	0.01544372294372
30	39	3	1779	1.00000000000000	545.91204009885485	0.30718537414966	0.00055190625831	0.00000000000000	0.00000000000000
31	40	2	1246	1.00000000000000	706.00000000000000	0.28728741496599	0.00051233551339	0.00000000000000	0.00000000000000
32	43	2	978	0.00000000000000	0.00000000000000	0.05505952380952	0.00011245873522	0.00259740259740	0.00259740259740
33	44	2	998	0.00000000000000	0.00000000000000	0.05505952380952	0.00011059754321	0.00259740259740	0.00259740259740
34	47	3	1504	0.66666666666667	450.58581339385489	0.22281037414966	0.00042208266030	0.00952380952381	0.02126623376623
35	48	3	1697	0.66666666666667	414.88358278124770	0.19673327664399	0.00036371520739	0.00032467532468	0.00048701298701
36	49	1	555	0.00000000000000	0.00000000000000	0.19453656462585	0.00035323941654	0.00000000000000	0.00000000000000
37	50	2	1188	1.00000000000000	680.00000000000000	0.18780470521542	0.00033037925615	0.00000000000000	0.00000000000000
38	51	4	2299	0.00000000000000	0.00000000000000	0.29851190476190	0.00055482848800	0.23441558441558	0.23571428571429
39	52	3	1644	0.00000000000000	0.00000000000000	0.25344387755102	0.00046815534555	0.06601731601732	0.09042207792208
40	53	10	5609	0.42222222222222	271.28469883081851	0.43244047619048	0.00081196093647	0.10647270804225	0.12156385281385
41	54	6	3559	0.46666666666667	334.75087711801683	0.38337585034014	0.00070382667518	0.02004742585525	0.02957251082251
42	59	1	699	0.00000000000000	0.00000000000000	0.21772959183673	0.00037351524519	0.00000000000000	0.00000000000000
43	60	1	547	0.00000000000000	0.00000000000000	0.19156037414966	0.00035427771254	0.00000000000000	0.00000000000000
44	61	4	2291	0.33333333333333	185.31745232027723	0.32147108843537	0.00059013262094	0.03214658904314	0.03511904761905
45	65	9	5609	0.66666666666667	476.60561455866480	0.38784013605442	0.00069555731073	0.00815947767671	0.00600649350649
46	66	9	5807	0.55555555555556	433.16150234004090	0.38843537414966	0.00068795221767	0.02082019287902	0.02242965367965
47	67	2	1088	1.00000000000000	591.00000000000000	0.28456632653061	0.00051898888448	0.00000000000000	0.00000000000000
48	68	1	638	0.00000000000000	0.00000000000000	0.24800170068027	0.00043557366691	0.00000000000000	0.00000000000000
49	69	11	7406	0.61818181818182	434.25944027666208	0.43988095238095	0.00074781318005	0.02868305461000	0.01566558441558
50	70	12	8077	0.53030303030303	380.88631796704510	0.45178571428571	0.00076981883749	0.06694519476869	0.05922619047619
51	71	8	4693	0.42857142857143	348.04383008175120	0.43125000000000	0.00077898515916	0.23691525109725	0.24548701298701
52	72	5	2513	0.30000000000000	178.84398713336819	0.34825680272109	0.00066534210278	0.03759128524428	0.04595238095238
53	73	11	6388	0.34545454545455	260.93186623890142	0.43843537414966	0.00079033530215	0.10294928590557	0.07734848484848
54	74	11	7380	0.54545454545455	409.12548102207620	0.43099489795918	0.00073232159958	0.04050891221737	0.02835497835498
55	75	9	6580	0.69444444444444	486.63880232105652	0.39676870748299	0.00063972770228	0.01508475951415	0.00151515151515
56	76	9	5198	0.50000000000000	398.32339994861150	0.41458333333333	0.00076230905873	0.11596879967543	0.12301406926407
57	77	5	2575	0.40000000000000	224.49492760790110	0.33877551020408	0.00064555494889	0.02185289257297	0.02548701298701
