-0.048354 -0.045223 0.029944
0.055667 -0.041834 0.024485
-0.000580 0.011847 0.055467
0.011865 0.014336 0.054667
-0.023565 0.006470 0.072247
0.039079 0.002639 0.068337
-0.004680 -0.082968 0.035860
0.009705 -0.084251 0.026466
-0.023352 0.000201 0.001608
0.029311 0.000677 -0.002044
-0.006012 0.066583 0.034784
0.014955 0.063676 0.032101
-0.032868 -0.040783 0.008655
0.037216 -0.043274 0.002639
-0.037004 -0.068313 0.048288
0.045105 -0.065581 0.043856
-0.044848 -0.034243 0.009013
0.050222 -0.029426 0.001645
-0.028100 -0.002093 0.033297
0.034365 0.000171 0.026217
-0.005238 -0.046890 0.036934
0.011467 -0.045048 0.032762
-0.024270 -0.091892 0.019381
0.028746 -0.089694 0.015880
-0.017407 0.034752 0.020896
0.024959 0.034011 0.019230
-0.014291 -0.070589 0.014778
0.015194 -0.068943 0.011033
-0.003309 0.039823 0.021514
0.010755 0.042183 0.021758
-0.051720 -0.023698 0.016075
0.056796 -0.027739 0.010542
-0.002123 -0.038428 0.074174
0.016251 -0.036323 0.070577
-0.023272 -0.025003 0.012110
0.028759 -0.023052 0.007425
-0.037946 0.014696 0.047137
0.048287 0.012226 0.038442
-0.033547 0.040596 0.026962
0.041652 0.038707 0.022116
-0.036909 0.030959 0.038609
0.047491 0.028093 0.037262
-0.010917 -0.086147 0.023287
0.013405 -0.086228 0.017634
-0.036179 -0.028077 0.066036
0.045715 -0.027942 0.060363
-0.001651 -0.025726 0.057656
0.012189 -0.024984 0.056979
-0.029947 -0.015327 0.066824
0.041433 -0.016366 0.063407
-0.007294 -0.063363 0.049677
0.014784 -0.062039 0.048515
-0.001705 0.036501 0.035630
0.010266 0.031016 0.034577
-0.023748 0.041593 0.052475
0.036358 0.037972 0.049572
-0.005159 0.016829 0.071555
0.018568 0.019760 0.068688
-0.016704 -0.068200 0.061449
0.025112 -0.070121 0.056263
-0.047565 -0.011621 0.025904
0.053503 -0.010564 0.019606
-0.046610 -0.040204 0.052948
0.055273 -0.036025 0.045875
-0.029156 0.015746 0.002977
0.032719 0.015942 -0.001760
-0.039681 -0.020355 0.034136
0.045428 -0.020398 0.028535
-0.020846 0.003993 0.016170
-0.023033 -0.014331 0.022417
-0.009932 -0.011157 0.039501
-0.024454 -0.052798 -0.000700
0.000190 -0.020867 0.004812
0.024137 0.003819 0.016387
0.024472 -0.013359 0.021070
0.011874 -0.010478 0.039258
0.022825 -0.053002 -0.001789
